46,159,175,580,538,155,64,54,x
44,97,163,521,469,138,60,48,x
44,90,173,499,457,123,58,48,x
45,89,179,452,471,126,63,48,x
42,72,174,307,378,105,57,45,x
40,70,171,302,387,107,55,43,x
41,62,151,260,312,90,52,44,x
40,68,186,268,282,88,52,45,x
41,64,188,255,217,78,43,43,x
40,66,187,242,178,69,46,44,x
40,70,192,244,126,63,47,48,x
44,96,239,333,132,61,46,47,x
64,95,221,301,107,60,46,46,x
170,119,313,322,106,62,55,163,x
342,174,415,459,147,93,85,237,x
414,255,454,553,163,114,122,434,x
530,326,545,636,176,178,165,577,x
602,381,894,835,193,190,249,668,x
668,432,1036,981,224,198,267,925,SPREAD
641,448,1061,969,224,191,288,939,SPREAD
688,463,1113,1032,231,184,286,913,SPREAD
683,466,1262,1101,231,132,295,891,SPREAD
642,495,1177,1092,234,133,267,864,SPREAD
693,461,1158,1010,218,136,285,680,SPREAD
707,501,1168,1134,233,147,281,656,SPREAD
650,475,1168,1139,233,151,277,668,SPREAD
587,449,1088,1145,222,160,251,610,SPREAD
602,381,975,1152,240,152,217,557,SPREAD
478,380,860,1115,229,139,196,478,SPREAD
397,294,774,969,270,143,159,465,SPREAD
344,253,675,848,299,146,153,344,x
306,198,410,715,348,145,142,296,x
215,170,310,592,471,160,131,290,x
67,125,163,646,502,171,83,128,x
51,86,134,667,559,172,81,63,x
48,84,110,660,546,164,67,47,x
46,79,87,579,513,149,63,47,x
43,76,80,445,384,120,60,44,x
43,72,78,334,344,102,58,43,x
36,60,61,209,203,67,48,43,x
37,68,59,193,188,63,46,40,x
38,69,55,170,205,67,44,37,x
39,69,52,170,207,66,42,38,x
37,68,49,130,198,64,38,36,x
38,62,44,98,151,55,39,34,x
33,46,40,109,186,61,37,35,x
33,40,40,117,182,57,39,35,x
35,39,41,124,176,58,40,36,x
37,39,41,125,178,60,40,34,x
37,41,44,133,171,58,40,37,x
37,39,39,126,169,47,40,34,x
37,39,39,130,162,49,39,35,x
35,39,39,121,160,47,39,35,x
35,37,39,115,165,47,39,37,x
35,34,38,128,169,46,39,37,x
35,33,39,134,181,53,38,40,x
34,37,39,156,193,54,40,40,x
35,37,41,163,200,56,39,40,x
33,39,47,188,219,69,41,41,x
35,42,48,221,252,74,42,39,x
36,42,49,222,213,70,43,36,x
36,39,49,202,194,66,39,34,x
38,38,48,203,202,66,37,34,x
37,39,45,182,179,49,36,33,x
36,40,47,143,181,54,36,33,x
36,40,65,147,192,57,36,33,x
35,41,92,156,194,59,37,35,x
31,41,91,150,179,58,40,35,x
33,42,91,145,176,58,37,35,x
34,38,89,122,117,46,39,35,x
31,43,90,138,176,57,43,36,x
32,45,94,153,181,60,44,36,x
35,47,118,157,183,61,45,38,x
34,47,123,161,193,69,49,38,x
35,49,139,165,192,75,48,37,x
36,47,145,143,158,71,43,34,x
39,46,136,121,162,71,42,36,x
38,46,117,125,162,72,42,34,x
38,50,118,143,192,71,40,33,x
38,52,102,146,194,67,38,31,x
39,55,117,145,174,61,39,35,x
37,55,114,143,165,57,39,36,x
36,57,140,139,164,57,39,36,x
38,54,164,122,138,55,39,37,x
38,58,174,124,151,54,41,38,x
36,60,156,123,146,52,43,37,x
37,61,194,131,148,52,42,32,x
38,59,191,128,146,52,43,35,x
43,72,258,159,116,50,46,42,x
111,75,349,231,95,51,49,212,x
293,138,446,396,105,66,73,265,x
418,247,800,589,174,118,149,385,x
459,283,1040,662,202,144,305,454,x
653,335,1100,858,236,152,427,550,SPREAD
682,386,1198,873,261,171,461,542,SPREAD
637,423,1296,892,283,181,491,522,SPREAD
566,401,1152,845,274,157,480,475,SPREAD
552,519,1217,918,280,145,459,571,SPREAD
366,517,1300,792,267,146,370,610,SPREAD
298,505,1219,875,248,130,331,584,SPREAD
279,494,1187,1046,394,152,289,634,SPREAD
338,508,1229,1100,418,164,307,626,SPREAD
347,417,1049,1084,422,161,252,519,SPREAD
283,382,959,1046,416,153,240,397,SPREAD
278,363,951,977,434,152,234,392,SPREAD
276,352,872,840,370,132,227,301,SPREAD
192,316,782,738,328,151,215,268,SPREAD
118,256,676,608,304,188,216,306,SPREAD
124,259,538,604,297,196,209,255,SPREAD
130,267,487,573,299,199,209,256,SPREAD
127,224,370,373,304,197,206,255,SPREAD
122,192,287,410,385,178,174,250,x
107,169,212,406,397,131,99,67,x
76,152,123,398,405,117,54,50,x
53,87,53,374,385,107,43,43,x
41,68,50,333,304,80,42,40,x
38,59,42,146,181,55,41,35,x
38,59,44,145,166,52,39,36,x
36,58,47,173,177,56,45,38,x
35,58,46,182,179,52,47,39,x
35,43,47,188,178,54,46,39,x
36,45,49,185,189,57,45,39,x
31,44,47,206,180,57,43,38,x
32,51,52,210,199,64,45,41,x
35,48,51,203,203,69,45,39,x
34,50,50,202,210,72,43,37,x
35,53,52,198,206,70,46,36,x
36,58,52,182,219,70,47,35,x
35,53,46,182,205,64,42,32,x
36,70,58,210,210,66,42,34,x
36,80,67,208,197,62,45,35,x
35,83,66,204,184,61,40,37,x
36,80,67,205,188,61,40,36,x
38,80,66,212,199,66,40,35,x
38,70,56,199,207,62,39,34,x
38,69,50,201,210,62,37,36,x
39,64,54,203,213,61,41,35,x
40,79,106,239,266,70,42,36,x
39,82,140,215,247,61,41,34,x
37,77,140,196,218,58,41,34,x
36,73,139,191,213,59,43,35,x
35,74,139,196,233,63,46,36,x
36,57,106,149,217,62,60,36,x
37,52,70,168,228,68,60,38,x
37,60,114,181,238,68,60,41,x
37,58,145,187,238,67,58,38,x
37,57,155,208,280,77,56,36,x
38,70,171,265,273,81,44,40,x
38,86,203,272,272,80,46,41,x
39,88,186,266,268,80,44,38,x
38,85,174,275,275,81,44,36,x
39,86,184,277,250,76,43,38,x
36,77,208,218,208,63,42,38,x
36,59,196,215,189,59,41,36,x
35,49,214,217,207,61,41,37,x
37,50,264,211,206,68,42,37,x
40,46,256,184,162,60,39,36,x
43,50,271,204,179,62,37,33,x
44,56,284,198,181,63,39,36,x
43,62,302,218,154,60,42,36,x
99,65,311,232,139,52,50,206,x
165,106,454,349,137,59,64,284,x
383,158,812,590,134,101,107,433,x
622,212,1019,651,138,158,172,591,x
676,252,1235,739,159,187,194,681,SPREAD
727,274,1269,810,174,199,220,675,SPREAD
716,288,1255,849,174,199,226,683,SPREAD
721,390,1249,893,247,201,226,691,SPREAD
660,426,1266,1045,264,175,220,720,SPREAD
688,450,1264,1092,262,164,375,728,SPREAD
631,448,1265,1101,257,156,368,710,SPREAD
634,453,1308,1177,277,169,365,698,SPREAD
670,437,1373,1195,229,168,382,722,SPREAD
714,421,1249,1107,213,159,392,790,SPREAD
640,375,1078,1040,202,149,241,710,SPREAD
642,380,1104,1024,214,150,234,708,SPREAD
642,382,1069,923,201,134,238,706,SPREAD
541,313,774,727,182,115,213,685,SPREAD
276,249,698,602,181,107,151,403,SPREAD
262,243,619,585,296,100,134,396,SPREAD
250,215,457,598,461,145,126,392,SPREAD
238,157,315,526,501,153,114,349,x
48,63,96,611,568,166,66,51,x
43,76,96,653,610,182,67,46,x
43,82,91,603,572,181,68,46,x
38,90,92,492,459,143,59,39,x
37,88,84,461,416,132,54,41,x
37,87,81,280,311,103,49,43,x
38,85,78,159,247,73,44,44,x
36,76,75,157,233,64,36,41,x
36,60,58,244,231,66,39,41,x
34,61,59,248,221,66,39,39,x
33,77,53,249,238,66,40,36,x
31,81,53,274,209,60,42,36,x
36,84,56,270,219,61,45,37,x
35,85,93,206,183,51,42,37,x
35,82,93,213,176,49,41,36,x
35,72,93,230,167,51,41,38,x
36,56,92,180,193,58,39,36,x
34,54,95,191,204,64,39,36,x
36,56,58,181,207,65,39,37,x
35,55,57,169,204,65,40,39,x
35,53,55,140,190,61,40,37,x
35,51,54,126,158,56,39,38,x
32,51,49,118,130,48,39,37,x
33,51,49,128,146,50,39,37,x
35,57,55,170,185,53,40,38,x
36,55,55,169,181,56,41,38,x
38,55,54,165,168,55,41,38,x
38,70,71,146,151,53,43,37,x
37,83,111,135,157,53,49,37,x
62,85,134,90,116,56,49,36,x
61,87,156,113,162,64,50,35,x
60,87,173,117,177,65,50,36,x
62,75,181,122,178,65,48,35,x
62,62,163,117,155,61,44,37,x
36,58,150,109,155,56,43,37,x
38,61,132,109,132,46,39,38,x
38,63,139,116,119,45,40,35,x
37,65,131,120,121,43,37,36,x
36,60,142,129,141,49,35,36,x
37,62,162,138,137,52,36,36,x
36,56,181,151,114,52,36,38,x
38,54,184,151,114,54,37,40,x
37,52,200,160,121,56,38,41,x
38,53,223,167,97,51,38,42,x
38,53,230,194,93,47,39,40,x
65,70,322,241,95,46,50,203,x
137,88,370,269,87,53,61,281,x
211,131,499,328,93,71,92,380,x
246,158,562,393,112,89,146,446,SPREAD
430,202,759,441,128,93,159,491,SPREAD
541,256,902,463,136,105,218,457,SPREAD
639,271,955,498,144,105,227,459,SPREAD
643,320,1125,516,153,103,291,584,SPREAD
682,340,1126,524,149,93,279,545,SPREAD
591,319,1049,525,140,91,273,522,SPREAD
494,302,913,540,146,81,231,619,SPREAD
346,311,925,564,144,81,239,600,SPREAD
300,267,660,593,305,91,161,406,SPREAD
287,230,633,571,314,94,178,536,SPREAD
308,238,578,533,313,93,182,548,x
320,204,590,510,305,89,178,430,x
311,162,478,477,307,88,153,412,x
310,133,454,417,137,68,129,434,x
191,125,407,382,124,59,81,340,x
124,98,361,371,131,58,69,294,x
47,94,298,345,171,71,65,288,x
45,90,212,302,307,92,66,287,x
36,61,119,241,318,93,68,249,x
33,73,81,243,333,97,58,51,x
37,81,88,236,333,99,53,45,x
39,89,97,194,320,93,51,45,x
39,101,133,172,198,72,45,44,x
37,102,156,166,173,67,42,38,x
37,91,155,162,139,59,41,37,x
33,88,144,165,131,53,41,39,x
32,79,141,154,142,50,41,37,x
32,62,152,138,125,41,42,33,x
34,65,210,159,169,53,39,38,x
35,75,219,149,177,55,41,36,x
37,68,216,147,186,57,40,37,x
36,70,214,145,174,56,38,38,x
34,75,187,137,176,58,36,39,x
38,95,99,155,168,54,36,36,x
36,89,83,199,170,54,35,37,x
37,88,112,206,164,51,38,35,x
36,83,114,205,162,51,39,34,x
37,77,112,212,163,48,38,37,x
33,59,105,188,162,50,37,37,x
31,62,110,147,200,63,43,36,x
31,62,85,140,197,64,43,36,x
32,65,87,172,198,66,43,35,x
30,79,96,172,219,69,43,35,x
31,81,91,169,202,64,44,39,x
34,85,78,161,175,53,37,39,x
31,87,79,154,173,53,39,39,x
31,84,76,115,180,52,37,40,x
33,80,86,132,156,51,37,40,x
33,87,126,146,167,61,38,41,x
35,85,177,147,167,61,39,40,x
37,90,200,150,172,65,40,40,x
37,91,204,154,170,64,42,40,x
38,92,198,139,178,66,42,36,x
37,71,197,137,163,57,42,32,x
35,71,242,160,137,55,41,35,x
37,71,329,186,170,58,38,37,x
37,85,330,192,187,61,40,36,x
35,82,334,187,174,57,38,37,x
36,82,332,172,171,57,39,37,x
36,87,312,153,164,55,38,34,x
33,81,231,135,119,49,43,35,x
34,68,256,124,81,45,40,36,x
36,68,255,123,76,46,40,35,x
37,71,262,137,98,47,39,37,x
36,62,229,137,100,47,42,36,x
36,65,250,130,104,47,38,34,x
36,64,255,129,117,50,39,36,x
35,61,257,127,116,49,38,39,x
64,65,320,116,94,47,39,61,x
71,64,340,141,88,46,40,80,x
72,68,312,145,85,43,40,80,x
72,65,323,153,52,40,38,79,x
196,154,421,192,71,52,58,205,x
532,197,671,391,103,79,82,344,x
755,253,763,552,150,101,141,604,SPREAD
852,339,851,675,165,108,273,730,SPREAD
887,381,944,698,175,115,287,758,SPREAD
885,428,1006,742,176,119,294,789,SPREAD
786,428,923,753,183,107,309,758,SPREAD
633,507,956,711,233,111,342,578,SPREAD
530,510,1010,731,274,147,273,445,SPREAD
519,513,934,751,302,152,272,454,SPREAD
512,493,942,730,304,155,289,400,SPREAD
482,523,959,699,298,157,279,498,SPREAD
412,501,942,679,251,151,213,500,SPREAD
421,533,1025,631,337,135,225,538,SPREAD
450,509,1109,621,314,131,232,528,SPREAD
446,481,1045,610,309,120,202,492,SPREAD
413,467,987,566,310,117,186,369,SPREAD
407,388,972,555,310,114,187,450,SPREAD
375,263,816,571,160,89,161,415,SPREAD
350,272,810,666,167,90,194,499,SPREAD
351,280,861,688,172,96,191,502,SPREAD
315,215,819,674,222,113,190,491,x
311,193,720,657,269,116,185,403,x
278,177,614,547,280,114,162,349,x
151,131,405,382,325,123,64,81,x
48,58,68,382,398,128,51,43,x
41,58,127,396,383,113,50,42,x
40,80,159,355,343,102,47,39,x
41,92,163,383,383,106,44,39,x
41,95,164,362,357,92,40,37,x
42,113,164,266,271,80,40,35,x
41,114,131,222,248,75,41,36,x
40,100,120,218,250,74,43,37,x
40,90,122,170,161,62,43,34,x
38,85,132,188,139,53,43,34,x
34,58,130,193,156,55,43,37,x
35,46,119,195,160,55,42,36,x
36,70,82,191,155,53,40,37,x
34,69,72,171,145,53,39,41,x
36,71,87,155,117,50,38,41,x
35,70,90,152,109,45,36,39,x
35,71,89,116,111,46,38,39,x
33,44,89,144,151,55,36,39,x
35,42,86,150,151,55,38,34,x
36,37,44,153,149,53,41,34,x
34,35,34,148,139,51,39,33,x
37,33,36,151,142,52,39,32,x
38,40,40,133,143,45,40,29,x
37,40,42,154,145,46,39,32,x
36,41,42,146,147,47,36,32,x
37,40,42,147,149,46,36,33,x
36,40,44,144,145,47,36,34,x
36,35,39,146,120,47,37,35,x
36,37,39,129,135,49,38,34,x
34,36,42,128,140,50,37,37,x
34,41,45,133,143,51,38,37,x
35,42,55,169,156,49,37,37,x
33,40,79,169,147,49,37,36,x
33,38,78,165,135,46,36,36,x
34,38,84,168,144,49,36,34,x
34,36,85,192,147,50,35,37,x
34,41,91,167,138,51,37,35,x
36,45,118,159,150,53,36,38,x
36,47,137,166,157,56,36,40,x
35,47,139,163,141,53,39,40,x
38,53,140,120,127,51,39,39,x
37,51,139,115,117,47,35,39,x
36,51,111,99,100,44,32,37,x
35,54,192,114,85,38,34,35,x
36,53,220,120,90,40,34,35,x
35,51,254,130,90,39,35,39,x
37,62,289,153,86,40,38,41,x
42,64,319,187,81,39,43,43,x
88,79,345,236,75,43,57,288,x
123,91,437,313,71,43,58,298,x
184,104,511,389,74,50,61,310,x
237,120,655,442,82,71,73,377,x
343,197,836,626,105,78,89,463,x
418,250,914,824,186,105,98,445,x
543,309,1044,937,228,127,173,536,SPREAD
554,350,1160,1068,245,138,318,584,SPREAD
674,458,1231,1166,273,137,327,753,SPREAD
730,595,1300,1155,290,154,339,771,SPREAD
719,678,1367,1116,261,144,417,767,SPREAD
707,718,1383,1180,262,146,457,758,SPREAD
745,739,1480,1152,260,143,502,766,SPREAD
665,732,1525,1088,242,144,513,614,SPREAD
621,636,1453,1056,248,136,515,617,SPREAD
665,542,1413,963,235,131,459,624,SPREAD
606,526,1387,811,210,117,404,586,SPREAD
625,495,1287,741,196,117,260,553,SPREAD
600,434,1216,708,199,117,247,586,SPREAD
610,414,1347,689,160,108,269,595,SPREAD
599,477,1450,822,185,119,287,608,SPREAD
582,418,1444,899,179,116,280,588,SPREAD
522,388,1411,847,202,120,249,563,SPREAD
503,361,1308,814,194,112,233,472,SPREAD
400,338,1157,813,206,121,195,503,x
266,196,912,665,258,132,146,412,x
234,138,736,522,460,179,135,399,x
109,117,533,531,465,177,128,390,x
71,99,496,526,480,179,110,383,x
51,90,182,451,485,173,61,54,x
49,97,89,448,475,157,61,48,x
42,95,72,344,278,92,46,39,x
40,97,69,239,247,75,45,37,x
32,89,67,188,208,61,41,37,x
31,75,66,153,176,51,42,38,x
31,72,58,104,106,39,39,37,x
32,72,45,132,119,37,36,40,x
33,73,54,172,157,52,37,41,x
35,78,57,189,163,56,38,37,x
36,77,64,190,162,59,39,37,x
33,61,80,187,167,63,38,39,x
34,54,78,173,159,65,41,38,x
32,48,72,159,161,60,39,36,x
32,38,70,154,168,60,37,37,x
31,38,68,162,178,61,36,34,x
31,38,46,149,161,58,38,34,x
31,37,45,139,158,55,34,36,x
34,37,47,115,120,52,35,35,x
33,35,41,105,136,53,36,35,x
33,38,34,93,143,59,36,38,x
36,36,34,99,146,58,37,38,x
35,35,36,99,149,60,42,37,x
35,38,36,113,158,61,41,36,x
37,66,43,146,159,62,43,36,x
36,65,51,177,149,58,44,39,x
35,65,59,177,143,59,42,39,x
36,65,77,179,138,57,38,41,x
35,63,76,166,125,55,40,43,x
35,34,82,129,76,48,38,43,x
37,35,178,104,68,43,35,35,x
36,41,203,115,75,42,38,39,x
34,41,205,122,85,41,38,36,x
35,45,237,123,86,41,37,35,x
33,49,240,124,87,41,38,34,x
31,48,208,111,78,40,37,35,x
34,43,192,99,69,37,37,33,x
33,45,227,95,66,39,36,34,x
34,43,237,115,79,41,35,35,x
35,39,241,152,125,45,35,35,x
37,38,220,148,132,47,37,36,x
71,39,255,160,130,47,35,54,x
140,51,329,214,128,48,55,242,x
496,98,466,320,123,53,100,389,x
503,118,619,355,80,52,114,415,SPREAD
532,143,720,524,91,61,134,471,SPREAD
572,180,801,553,94,62,220,544,SPREAD
608,210,841,587,100,70,255,502,SPREAD
390,197,790,543,96,66,243,432,SPREAD
384,192,694,525,101,65,237,421,SPREAD
360,190,776,396,106,69,241,459,SPREAD
406,172,735,395,110,73,249,376,SPREAD
402,160,748,465,109,70,223,523,SPREAD
400,159,742,473,112,69,231,501,SPREAD
414,159,756,491,110,70,244,495,x
426,159,681,513,98,67,232,419,x
330,156,667,495,91,67,151,517,x
284,129,573,370,82,66,166,375,x
355,142,623,397,79,67,167,379,x
360,197,700,400,85,70,151,453,x
328,187,594,346,77,60,155,440,x
319,181,582,370,85,61,156,423,x
277,181,564,359,85,56,121,456,x
159,168,477,311,87,54,100,469,x
88,100,366,296,123,69,94,391,x
84,111,349,291,201,97,84,390,x
53,100,272,234,226,100,61,261,x
40,93,257,227,233,102,53,150,x
37,89,247,227,247,104,48,41,x
36,77,67,207,264,102,49,39,x
34,87,72,185,220,78,49,42,x
34,113,90,182,213,70,45,41,x
34,116,94,205,224,69,44,37,x
35,127,93,198,252,73,42,38,x
36,130,96,169,235,64,41,35,x
34,104,86,165,233,64,34,33,x
38,74,55,153,217,62,34,37,x
36,69,51,126,202,58,34,37,x
35,50,53,114,143,51,33,35,x
35,53,51,176,137,43,33,36,x
37,81,49,181,128,41,35,37,x
33,80,49,185,133,44,36,33,x
34,82,49,180,135,46,37,35,x
33,80,47,171,133,48,37,35,x
34,73,41,83,106,49,39,36,x
33,39,41,74,115,48,37,38,x
33,43,42,124,160,54,36,40,x
32,38,38,133,162,54,36,40,x
34,42,39,139,166,55,35,39,x
34,61,49,144,169,58,36,40,x
36,64,58,141,166,58,38,37,x
37,73,108,125,150,53,40,35,x
38,75,116,138,187,56,39,34,x
35,73,116,137,186,56,41,36,x
36,71,117,148,189,52,40,36,x
34,71,150,160,189,57,39,33,x
33,60,143,162,167,57,40,35,x
35,57,174,168,126,54,40,35,x
35,57,178,167,131,54,39,34,x
32,39,180,164,157,59,42,32,x
32,39,164,185,158,58,45,33,x
32,43,154,183,188,66,41,34,x
31,42,127,166,185,69,40,37,x
32,47,206,170,190,68,40,37,x
37,55,256,187,170,68,42,40,x
36,53,264,160,161,62,40,40,x
36,51,261,139,117,49,41,40,x
35,60,257,138,110,46,41,37,x
44,87,355,198,101,49,44,39,x
94,123,430,248,89,49,45,243,x
434,196,567,523,102,64,75,390,SPREAD
618,254,896,826,185,117,375,542,SPREAD
722,337,1239,930,202,152,493,702,SPREAD
799,374,1297,1070,214,158,596,769,SPREAD
830,380,1297,1100,223,161,635,742,SPREAD
754,406,1377,1070,238,177,680,711,SPREAD
656,419,1316,892,194,156,577,663,SPREAD
569,368,1049,802,177,123,482,505,SPREAD
479,339,1038,649,170,124,353,441,SPREAD
455,375,1072,722,182,135,349,629,SPREAD
562,356,1083,813,171,115,268,689,SPREAD
533,310,1008,831,161,110,264,662,SPREAD
510,328,1058,829,162,111,268,709,SPREAD
516,410,1080,860,157,105,266,687,x
498,386,1057,769,128,85,184,517,x
404,362,924,665,121,79,304,499,x
386,372,978,639,124,81,324,493,x
383,411,996,663,119,78,325,417,x
351,326,933,610,116,75,324,507,x
341,302,894,586,113,76,315,503,x
256,289,883,481,94,71,249,384,x
246,280,749,468,85,61,221,430,x
233,198,657,422,117,66,212,421,x
223,186,557,361,167,68,206,295,x
197,175,529,336,177,75,199,280,x
87,163,423,320,199,81,74,270,x
55,136,366,358,338,116,64,66,x
44,85,145,342,339,122,59,50,x
37,77,66,317,320,119,52,47,x
38,75,60,314,326,116,51,42,x
38,74,89,292,320,111,48,41,x
38,71,163,141,173,74,45,39,x
33,56,166,129,162,63,41,36,x
36,47,165,131,166,60,39,35,x
38,44,164,123,140,55,37,35,x
36,44,150,116,133,53,35,35,x
35,40,53,100,130,50,32,31,x
39,64,73,103,131,46,33,35,x
38,62,77,119,134,48,34,36,x
35,64,77,121,138,47,35,36,x
36,65,76,149,131,44,36,38,x
39,65,75,142,126,44,34,37,x
36,38,43,128,109,44,38,34,x
34,40,37,115,97,44,37,35,x
35,37,36,114,92,46,38,35,x
37,35,39,77,106,46,39,34,x
34,33,38,78,113,49,38,36,x
36,34,37,80,114,48,33,36,x
37,31,35,67,111,46,36,36,x
36,32,36,66,114,47,33,37,x
36,34,33,53,99,46,34,37,x
38,35,33,47,86,44,36,38,x
36,35,34,50,99,47,37,39,x
33,37,35,50,88,47,38,39,x
33,37,33,47,77,41,39,37,x
35,37,36,47,82,42,38,38,x
33,38,39,46,80,41,37,38,x
34,37,43,39,66,39,36,36,x
37,37,116,59,68,38,36,35,x
37,40,124,67,75,40,34,35,x
34,40,123,67,63,40,34,36,x
34,40,122,69,66,37,37,34,x
33,40,123,72,73,40,36,37,x
33,39,73,60,71,40,35,36,x
34,40,63,55,70,39,37,36,x
35,40,64,55,76,37,36,38,x
36,40,65,55,72,41,34,38,x
36,42,78,89,83,38,32,38,x
34,40,82,99,84,39,32,39,x
34,41,101,110,86,43,39,38,x
33,40,117,114,82,45,42,37,x
32,42,118,113,81,42,41,38,x
32,43,114,88,67,42,42,35,x
34,47,186,121,67,42,41,34,x
36,48,207,138,78,42,36,38,x
37,54,236,245,83,41,35,39,x
177,65,267,263,83,46,66,189,x
454,137,534,365,92,61,89,305,x
626,200,766,473,128,98,293,574,x
770,302,1043,771,166,123,340,690,SPREAD
901,356,1131,911,206,152,399,771,SPREAD
1057,464,1358,974,241,163,403,875,SPREAD
1073,499,1409,1095,268,189,442,1061,SPREAD
1023,580,1436,1085,265,189,365,961,SPREAD
981,673,1369,1034,257,190,350,958,SPREAD
955,729,1523,930,243,174,299,943,SPREAD
942,712,1398,1018,233,187,352,1016,SPREAD
905,731,1379,995,238,179,439,919,SPREAD
953,687,1448,1039,251,168,437,1029,SPREAD
896,626,1529,1003,243,157,423,986,SPREAD
831,570,1403,1073,244,156,417,969,SPREAD
763,558,1462,959,231,144,421,1029,SPREAD
738,533,1514,940,216,138,299,1024,SPREAD
652,517,1469,1016,208,135,298,999,SPREAD
676,471,1361,1016,214,137,321,982,SPREAD
793,449,1331,1018,212,157,481,1162,x
676,404,1209,1024,204,146,452,947,x
605,418,1184,1002,189,134,437,825,x
586,506,1089,892,232,157,439,790,x
640,496,1045,930,234,168,438,926,x
469,472,976,851,221,149,270,688,x
453,462,994,831,220,147,244,708,x
440,394,782,739,365,201,239,706,x
409,215,603,778,477,240,212,597,x
244,120,444,679,613,284,164,320,x
145,101,367,648,634,287,108,210,x
56,78,161,618,657,293,93,67,x
46,64,90,583,585,255,81,52,x
40,73,74,416,469,197,63,46,x
34,68,46,227,253,97,47,39,x
30,67,37,140,199,78,43,37,x
32,66,37,100,107,51,37,34,x
33,65,37,105,133,52,38,34,x
34,48,38,112,140,59,38,35,x
32,40,37,117,143,60,37,33,x
34,36,35,94,145,57,39,37,x
32,37,38,145,153,57,40,41,x
32,38,40,151,142,60,42,41,x
33,41,43,168,167,57,42,43,x
35,47,46,175,179,62,46,44,x
37,48,48,192,171,64,44,41,x
37,46,49,171,162,59,45,35,x
35,50,46,166,157,54,41,36,x
35,49,43,151,135,58,45,34,x
36,44,39,140,124,56,40,34,x
34,46,46,136,139,55,40,38,x
33,61,55,162,148,56,39,41,x
34,56,82,173,160,63,44,39,x
35,57,107,175,159,58,39,39,x
34,56,109,193,190,59,40,38,x
34,55,106,200,189,62,40,39,x
33,53,107,188,181,60,39,37,x
38,61,94,175,165,53,37,39,x
36,62,112,172,166,52,44,40,x
38,63,144,176,178,50,47,41,x
39,62,145,171,173,47,49,35,x
38,50,141,155,179,51,50,39,x
32,40,154,161,202,53,49,38,x
34,66,149,172,206,57,44,36,x
32,66,176,168,174,55,41,35,x
31,68,188,175,214,73,41,35,x
31,68,206,169,205,72,40,31,x
32,71,199,165,182,70,41,32,x
34,61,220,190,177,67,40,33,x
32,62,244,197,176,70,42,36,x
36,67,251,190,149,56,40,39,x
37,66,244,187,150,54,39,41,x
37,63,241,188,150,53,35,37,x
35,50,234,153,135,52,36,36,x
36,62,392,162,118,46,36,58,x
93,88,559,193,67,46,42,210,x
278,115,622,233,67,56,52,281,x
503,169,750,330,97,64,126,630,x
587,216,840,624,131,75,349,724,x
684,264,1007,808,148,86,394,764,SPREAD
769,314,997,960,167,104,430,968,SPREAD
788,380,1168,1099,188,112,500,971,SPREAD
725,516,1157,1127,197,127,562,914,SPREAD
662,515,1148,1017,182,128,475,847,SPREAD
579,525,1003,894,179,133,445,826,SPREAD
598,581,1111,794,184,127,431,585,SPREAD
580,584,1081,692,177,125,393,655,SPREAD
531,470,1111,657,175,118,287,476,SPREAD
639,457,1124,666,178,115,312,586,SPREAD
627,445,1138,684,181,109,329,590,SPREAD
492,391,1140,716,169,103,301,571,SPREAD
477,367,1079,672,174,103,241,547,SPREAD
538,388,1067,690,181,110,282,657,SPREAD
478,404,1060,697,187,118,259,690,SPREAD
514,415,1096,756,191,122,247,682,SPREAD
519,394,1072,738,190,125,249,680,SPREAD
457,350,983,702,223,132,246,602,x
349,300,887,639,206,121,196,470,x
231,272,799,582,194,107,146,227,x
114,210,637,442,207,100,102,176,x
69,121,279,258,274,115,99,57,x
64,116,120,184,264,104,93,51,x
62,123,65,156,261,102,48,47,x
56,113,62,158,267,105,49,48,x
41,99,62,162,261,102,44,43,x
37,77,59,148,190,73,40,39,x
37,58,50,130,155,59,39,31,x
36,36,48,162,195,62,39,31,x
38,39,42,161,192,59,40,38,x
34,69,73,136,172,55,40,38,x
35,69,74,130,161,57,38,37,x
32,73,76,176,185,62,37,39,x
37,75,73,149,151,52,39,40,x
37,76,75,194,187,65,42,36,x
39,49,42,193,187,67,42,38,x
38,48,38,190,186,64,44,40,x
38,43,37,148,152,58,42,38,x
36,42,40,147,146,59,40,39,x
35,39,40,83,109,47,36,38,x
34,39,41,205,149,58,36,36,x
35,39,43,218,156,66,34,37,x
35,38,41,221,166,68,34,37,x
33,36,40,216,159,69,37,37,x
34,35,40,212,152,65,36,37,x
33,37,39,98,112,54,40,38,x
32,39,77,83,128,47,40,37,x
34,38,107,118,175,57,41,37,x
33,39,109,127,186,61,41,35,x
33,39,110,129,180,62,40,33,x
34,38,110,128,178,61,34,33,x
33,36,87,115,167,62,37,32,x
32,35,46,78,111,51,42,34,x
34,35,42,85,128,50,40,36,x
35,35,39,88,138,53,39,36,x
34,37,50,89,142,53,42,39,x
37,35,67,91,130,49,39,38,x
37,37,79,114,144,51,34,37,x
35,39,96,114,123,46,35,36,x
34,42,124,123,113,45,39,37,x
37,40,140,123,105,45,39,38,x
35,40,140,124,108,46,38,39,x
34,44,181,133,93,45,37,39,x
43,60,361,170,80,45,39,45,x
43,61,363,180,84,43,41,43,x
40,63,367,206,87,41,43,39,x
42,66,378,249,84,45,44,40,x
44,64,400,259,74,43,45,41,x
66,52,324,260,73,45,45,38,x
113,65,360,255,68,48,44,193,x
264,134,469,327,94,63,62,334,SPREAD
424,191,790,500,118,68,115,446,SPREAD
522,228,887,779,167,86,137,563,SPREAD
587,293,967,793,168,87,147,594,SPREAD
616,360,1088,871,176,101,280,602,SPREAD
634,422,1118,890,173,111,284,596,SPREAD
597,454,1030,823,166,110,276,619,SPREAD
544,455,989,612,120,100,270,547,SPREAD
553,454,950,666,141,108,285,574,SPREAD
539,488,902,682,184,125,234,555,SPREAD
615,484,903,746,276,128,240,544,SPREAD
592,449,811,742,277,128,279,442,SPREAD
583,442,829,725,278,129,289,426,SPREAD
514,419,853,669,268,123,273,343,SPREAD
490,324,827,601,241,95,210,377,SPREAD
327,234,822,507,134,76,216,305,SPREAD
273,219,792,487,124,73,205,361,SPREAD
230,213,736,461,121,69,189,373,x
209,177,620,436,191,86,183,430,x
198,156,486,380,235,90,183,370,x
81,129,280,276,238,86,155,361,x
44,96,242,238,243,85,59,282,x
37,38,49,199,243,83,42,223,x
37,39,41,203,235,74,40,39,x
34,39,40,142,193,69,40,33,x
35,38,37,135,180,67,39,32,x
33,41,45,140,178,66,39,32,x
32,41,50,143,181,67,40,34,x
32,47,52,145,147,61,41,38,x
32,58,52,156,158,64,39,39,x
32,70,55,200,171,68,41,41,x
34,70,57,204,169,69,41,39,x
38,72,55,210,188,69,41,40,x
36,71,56,199,175,67,38,37,x
37,65,64,212,166,61,37,39,x
37,68,84,196,160,57,37,37,x
37,75,127,207,200,64,38,39,x
34,77,128,204,199,64,39,37,x
33,74,138,223,206,62,39,37,x
34,83,162,214,197,61,40,37,x
34,85,177,203,197,65,41,38,x
32,91,180,224,162,60,38,36,x
36,98,202,231,174,73,45,38,x
38,122,238,225,176,75,48,40,x
37,144,276,215,190,84,50,38,x
39,152,311,213,198,86,53,41,x
42,154,320,207,206,92,56,43,x
45,180,399,194,174,81,57,43,x
48,178,398,199,163,86,59,48,x
50,171,395,220,157,79,58,48,x
52,193,433,226,145,78,55,48,x
52,219,489,200,134,79,55,47,x
49,199,441,198,129,80,53,49,x
46,200,435,189,152,78,49,43,x
45,191,430,170,163,81,48,42,x
42,166,396,162,153,81,50,40,x
40,126,317,164,147,74,45,41,x
43,150,388,167,156,89,44,38,x
40,139,383,166,133,90,47,40,x
41,135,387,219,107,89,51,41,x
105,130,354,213,104,84,50,41,x
135,142,437,272,100,81,53,115,x
362,178,564,416,106,72,125,405,SPREAD
603,291,782,570,127,90,278,573,SPREAD
810,321,878,722,173,112,353,857,SPREAD
904,352,985,752,203,180,523,914,SPREAD
1016,375,1072,824,238,198,593,985,SPREAD
965,381,1039,829,331,217,637,907,SPREAD
868,430,975,773,333,221,595,830,SPREAD
742,449,963,674,322,215,578,597,SPREAD
689,454,934,710,321,164,436,513,SPREAD
517,457,828,655,344,165,343,347,SPREAD
597,461,815,618,258,143,240,438,SPREAD
666,380,806,617,252,128,234,424,SPREAD
634,338,805,575,243,124,200,327,SPREAD
560,351,840,611,236,128,189,321,SPREAD
650,336,835,617,177,107,201,447,SPREAD
579,317,815,581,171,102,199,356,x
440,290,726,534,159,98,201,330,x
380,302,637,551,197,110,169,330,x
373,241,465,477,230,117,168,325,x
129,211,397,404,263,126,137,75,x
56,171,298,398,297,132,111,60,x
44,228,363,388,319,141,64,50,x
42,217,454,359,326,138,62,46,x
41,222,443,259,297,128,58,43,x
39,228,446,226,260,112,52,42,x
43,240,502,206,220,106,49,43,x
46,211,516,234,228,97,49,41,x
47,203,417,198,198,88,48,43,x
46,189,404,199,201,89,48,43,x
47,181,399,196,198,94,49,44,x
42,162,324,188,201,84,48,42,x
38,122,264,142,177,84,50,40,x
36,115,245,190,244,89,48,39,x
37,115,258,208,249,98,50,39,x
40,150,318,230,257,96,52,37,x
40,159,328,230,268,98,50,41,x
45,153,391,233,273,106,57,41,x
45,149,394,188,210,121,58,41,x
47,173,422,211,214,123,63,45,x
49,156,403,203,205,122,63,45,x
48,166,426,202,186,129,63,43,x
49,179,349,197,164,121,60,46,x
49,201,359,214,163,99,60,46,x
52,202,426,230,204,105,58,45,x
51,213,433,226,232,112,58,47,x
54,280,465,236,229,108,62,49,x
56,303,553,231,218,105,58,46,x
58,342,601,232,205,100,59,45,x
83,369,554,237,142,98,60,50,x
95,368,574,237,91,94,59,49,x
99,347,559,227,87,92,58,51,x
99,322,483,235,112,98,58,51,x
99,306,436,212,117,106,57,51,x
82,267,509,166,118,94,52,46,x
85,297,491,163,118,94,49,44,x
83,254,452,161,114,92,49,44,x
79,259,412,149,93,89,48,45,x
126,223,389,149,91,83,49,51,x
141,228,268,118,86,91,52,51,x
209,178,208,111,81,90,52,59,x
209,180,238,120,87,88,53,57,x
263,182,236,141,103,102,60,68,x
404,200,281,176,102,109,88,82,x
566,230,319,183,112,147,202,298,x
765,247,393,300,115,192,308,344,x
896,311,594,445,170,309,445,470,SPREAD
931,365,659,515,190,342,589,515,SPREAD
948,399,749,611,228,363,679,584,SPREAD
1028,433,934,808,271,397,727,653,SPREAD
931,529,1093,945,305,393,711,672,SPREAD
824,534,1165,931,283,314,651,597,SPREAD
812,519,1185,987,275,281,544,564,SPREAD
813,500,1294,1057,254,259,576,531,SPREAD
612,512,1244,1000,254,201,498,365,SPREAD
568,466,1128,865,217,187,536,298,SPREAD
645,465,1003,848,217,206,623,319,SPREAD
658,446,994,814,228,201,620,335,x
560,484,889,730,224,206,541,274,x
535,428,868,694,177,191,529,245,x
534,375,962,718,208,181,483,270,x
432,351,965,710,205,161,339,241,x
383,405,1046,666,195,180,330,213,x
375,346,961,562,183,160,215,205,x
373,371,874,466,176,147,207,228,x
304,348,728,386,140,136,142,163,x
256,334,650,357,176,137,123,151,x
147,244,407,298,224,131,67,131,x
91,255,327,296,258,135,67,125,x
62,218,295,305,364,173,71,46,x
57,235,232,313,402,177,70,45,x
54,221,230,362,453,179,68,45,x
52,226,210,364,448,158,64,43,x
47,237,222,367,444,159,63,42,x
48,221,207,342,370,118,50,39,x
47,199,199,331,328,112,52,41,x
40,186,188,256,267,100,50,39,x
39,179,164,223,235,91,47,38,x
42,114,159,258,246,90,48,39,x
41,117,170,312,357,101,51,38,x
43,125,180,317,379,105,49,37,x
44,115,177,307,360,102,46,39,x
42,99,162,311,366,101,47,40,x
40,90,139,288,380,101,48,40,x
40,68,141,331,372,101,46,41,x
38,53,125,422,416,102,44,42,x
39,56,125,422,412,98,45,41,x
39,60,122,409,406,98,46,39,x
38,59,119,399,379,90,42,38,x
37,53,98,353,354,83,43,39,x
35,50,117,249,274,75,41,36,x
34,49,115,249,267,74,40,35,x
39,48,115,247,260,71,39,36,x
39,52,120,252,253,74,39,36,x
39,52,117,189,128,57,35,36,x
40,53,93,163,120,51,35,37,x
39,51,171,160,126,52,41,42,x
34,55,201,180,127,52,40,41,x
36,60,212,180,113,50,40,41,x
36,63,226,192,98,45,41,41,x
39,68,272,278,91,46,42,41,x
42,93,312,289,88,45,38,37,x
45,98,357,303,92,49,39,36,x
91,115,364,296,89,52,48,213,x
103,128,411,329,94,59,50,226,x
367,147,446,294,89,62,61,249,x
479,160,562,413,97,70,90,437,x
576,177,736,585,130,83,103,494,x
605,200,817,633,145,89,110,511,x
658,251,948,844,170,98,116,637,SPREAD
668,268,1144,977,185,103,150,743,SPREAD
714,306,1242,1063,215,126,160,832,SPREAD
721,321,1297,1052,210,126,241,890,SPREAD
698,309,1285,1038,205,123,236,856,SPREAD
678,289,1343,963,201,118,266,826,SPREAD
712,398,1338,982,211,133,385,942,SPREAD
688,380,1300,936,221,120,600,926,SPREAD
695,383,1270,966,225,122,611,921,SPREAD
709,398,1295,1064,245,128,626,933,SPREAD
681,402,1215,1007,266,133,613,881,SPREAD
538,346,1137,952,250,118,594,779,SPREAD
581,343,1118,879,219,107,388,623,SPREAD
494,343,1138,811,206,99,329,644,SPREAD
468,332,1089,691,178,85,300,630,SPREAD
472,313,1074,776,146,80,305,629,SPREAD
461,233,990,713,178,78,171,451,x
201,203,854,690,224,86,110,430,x
106,151,614,614,225,85,81,118,x
91,117,588,583,223,85,88,273,x
107,86,423,386,206,76,58,274,x
107,63,285,211,168,67,56,273,x
106,58,279,170,91,49,54,273,x
104,53,239,150,92,37,53,273,x
104,44,163,104,102,39,41,85,x
49,40,61,94,107,40,38,39,x
38,36,37,96,122,44,38,37,x
39,38,38,150,141,47,38,37,x
40,39,66,157,133,51,39,37,x
37,37,95,151,126,49,39,37,x
36,37,141,148,130,46,39,36,x
35,36,142,148,121,45,40,36,x
35,36,158,99,89,45,40,38,x
36,37,149,81,87,42,38,38,x
35,36,138,79,85,41,41,36,x
36,37,101,69,71,44,41,38,x
38,37,101,65,66,41,40,38,x
36,37,72,49,64,40,40,38,x
35,33,70,58,64,41,40,38,x
38,35,61,66,66,41,37,39,x
35,34,38,66,64,40,36,37,x
34,35,40,65,65,42,36,38,x
36,37,74,66,63,43,36,38,x
38,75,157,73,69,50,38,38,x
37,74,160,65,80,53,38,38,x
36,87,163,63,86,52,41,38,x
36,93,166,68,84,51,40,37,x
39,110,202,86,80,50,41,36,x
39,92,179,82,89,48,43,38,x
38,93,185,89,92,66,43,36,x
40,81,185,108,95,70,42,38,x
39,80,184,104,95,69,44,39,x
35,75,138,93,97,67,41,37,x
32,74,149,101,84,64,37,33,x
36,84,210,103,86,58,42,35,x
34,90,267,94,82,56,46,38,x
38,86,269,156,83,58,46,35,x
39,69,273,163,82,57,44,37,x
39,68,251,159,80,60,43,38,x
36,54,197,157,60,43,38,38,x
37,45,120,165,72,42,36,37,x
35,50,164,120,73,42,38,42,x
86,49,246,144,77,45,44,46,x
584,106,419,228,87,47,56,211,x
905,240,760,493,142,76,82,557,SPREAD
1181,510,946,681,195,96,231,804,SPREAD
1351,766,1054,859,222,120,312,991,SPREAD
1457,896,1274,925,253,144,397,1022,SPREAD
1346,925,1264,942,259,150,468,1003,SPREAD
1159,972,1146,905,307,161,474,891,SPREAD
911,910,1117,898,436,177,435,779,SPREAD
734,826,1088,794,473,175,437,596,SPREAD
645,848,939,787,490,172,413,751,SPREAD
728,832,983,781,496,171,354,758,SPREAD
730,785,1011,723,462,159,355,725,SPREAD
760,741,951,572,321,131,381,639,x
747,772,981,543,255,131,325,627,x
636,605,894,552,306,129,278,357,x
537,595,827,532,350,135,252,445,x
663,599,808,541,344,130,279,580,x
614,645,854,653,347,138,232,705,x
515,522,811,663,369,133,230,703,x
538,542,916,619,293,118,225,772,x
577,578,913,625,222,104,245,717,x
467,548,934,611,217,100,223,687,x
443,587,969,563,237,93,227,614,x
442,527,954,512,185,78,224,561,x
466,503,968,522,170,80,304,540,x
409,438,947,487,212,84,291,554,x
350,407,916,497,216,86,273,558,x
318,221,760,394,176,75,257,464,x
307,179,678,362,188,73,250,461,x
138,110,410,246,198,78,104,358,x
64,100,388,241,159,72,72,330,x
38,81,162,154,162,69,44,57,x
39,43,75,156,196,72,44,46,x
39,40,49,154,191,77,45,39,x
37,40,47,132,180,69,42,41,x
37,39,46,131,178,71,45,40,x
35,57,47,119,177,69,47,39,x
33,74,57,106,159,70,49,40,x
37,93,97,170,159,65,46,41,x
36,101,190,227,163,62,44,38,x
42,103,222,237,172,77,47,41,x
42,101,241,241,176,83,49,42,x
45,123,267,289,187,84,47,42,x
43,112,260,264,193,88,51,41,x
44,105,236,230,207,90,52,40,x
37,104,220,222,221,76,54,40,x
39,109,250,245,224,77,53,40,x
39,92,321,306,245,92,59,42,x
38,107,344,347,279,99,61,45,x
39,107,364,367,280,100,60,48,x
41,112,366,401,278,101,57,46,x
41,109,373,394,270,101,57,48,x
41,94,319,334,254,96,53,46,x
41,86,359,298,204,88,49,44,x
41,87,326,285,234,95,50,42,x
40,90,342,248,226,97,50,40,x
41,84,355,241,230,94,50,38,x
37,81,353,219,213,90,52,39,x
35,69,285,197,215,88,50,37,x
36,71,328,169,196,78,49,40,x
37,64,320,162,185,76,46,42,x
35,66,277,162,180,80,45,41,x
33,87,321,156,171,73,41,39,x
36,90,354,186,206,94,46,40,x
37,88,349,266,187,104,50,40,x
35,132,386,289,199,105,52,39,x
40,193,445,299,202,100,51,41,x
41,191,421,305,206,112,51,44,x
39,192,441,290,188,103,49,41,x
39,194,433,264,251,118,47,39,x
39,181,411,229,240,119,48,39,x
34,116,398,212,238,130,49,39,x
35,111,397,209,246,137,49,36,x
36,109,381,293,266,147,53,37,x
38,120,433,284,224,146,54,38,x
38,97,414,283,218,143,55,39,x
39,99,379,283,220,136,56,38,x
39,92,367,281,221,123,55,38,x
41,91,351,214,180,110,52,39,x
40,80,278,170,209,101,50,39,x
40,83,296,189,212,103,52,38,x
41,77,300,201,222,114,50,37,x
39,81,306,201,221,116,49,38,x
38,86,290,194,231,111,48,41,x
38,84,295,196,166,93,45,39,x
40,91,318,193,171,96,43,41,x
38,90,310,213,149,86,43,42,x
40,86,290,206,138,81,48,41,x
39,88,336,218,151,84,49,36,x
36,98,340,216,157,87,50,41,x
35,92,318,206,142,79,49,41,x
34,95,317,173,138,70,49,42,x
34,100,419,182,132,68,48,42,x
34,106,400,134,143,88,48,42,x
37,90,373,157,188,113,50,39,x
36,96,417,150,191,121,51,38,x
37,102,441,156,197,126,51,38,x
36,106,400,165,196,131,49,39,x
38,111,389,167,159,121,47,40,x
35,109,399,146,102,100,45,38,x
35,109,375,152,120,104,47,39,x
37,105,329,156,156,118,49,41,x
40,109,288,156,174,111,48,38,x
37,95,272,171,204,112,49,37,x
40,101,278,182,202,109,50,37,x
40,91,248,179,189,98,45,37,x
41,84,240,171,159,73,42,34,x
38,85,242,155,174,78,42,33,x
38,88,241,147,158,65,43,36,x
37,82,221,129,154,67,46,36,x
37,84,303,141,157,66,46,34,x
36,104,411,191,254,96,51,38,x
36,100,413,223,253,96,54,38,x
37,100,417,222,268,101,54,39,x
37,105,417,232,275,102,50,38,x
38,129,394,260,334,113,51,41,x
38,118,291,233,274,96,48,39,x
39,110,257,207,280,95,43,40,x
39,103,244,201,260,91,43,38,x
38,99,234,189,265,87,42,37,x
36,65,119,138,200,75,42,37,x
36,53,68,116,189,62,41,36,x
36,65,150,143,170,59,44,39,x
36,78,251,160,177,68,45,39,x
37,76,253,166,171,71,41,40,x
40,78,310,174,218,76,45,38,x
38,83,357,183,219,76,43,37,x
39,76,397,174,202,73,41,37,x
39,80,401,183,202,66,40,38,x
41,101,432,210,226,80,44,39,x
40,100,453,207,184,80,41,39,x
44,107,449,253,253,89,45,42,x
44,115,465,289,275,95,44,40,x
44,133,474,290,265,92,43,39,x
45,198,566,307,237,77,48,43,x
53,209,605,335,221,71,47,46,x
55,212,594,314,136,63,43,44,x
55,226,552,319,88,56,45,44,x
56,244,526,318,87,55,48,47,x
56,229,490,283,78,54,40,43,x
92,314,409,244,74,54,43,41,x
92,332,397,235,70,50,43,40,x
92,341,477,230,82,48,43,41,x
91,328,458,213,74,45,39,36,x
90,319,355,202,72,43,39,34,x
40,268,328,198,70,36,32,36,x
36,246,319,180,69,35,36,36,x
36,244,129,63,38,38,33,35,x
45,261,102,44,42,39,34,36,x
49,325,105,43,46,38,35,39,x
50,295,76,45,43,44,39,37,x
52,290,75,46,43,44,38,36,x
49,264,61,40,46,39,40,37,x
41,235,58,41,44,40,41,35,x
38,72,38,41,41,43,40,37,x
36,42,38,44,41,37,39,36,x
32,42,34,40,45,36,39,37,x
35,51,35,43,41,37,36,36,x
36,51,36,42,40,37,36,37,x
33,51,34,42,41,36,35,34,x
36,50,34,44,41,36,36,37,x
37,50,35,46,37,36,34,36,x
34,40,34,45,38,40,35,36,x
31,35,33,46,41,52,35,35,x
32,32,37,47,40,66,36,34,x
32,32,36,41,41,67,35,32,x
32,33,36,39,41,68,36,32,x
34,31,34,36,41,67,35,35,x
34,31,37,38,40,60,35,36,x
34,34,35,39,39,43,36,36,x
34,35,34,40,40,47,35,34,x
32,35,34,40,39,44,36,35,x
33,35,35,44,42,44,36,34,x
36,35,30,41,39,41,37,34,x
35,34,28,38,41,40,34,35,x
34,34,30,36,37,37,34,40,x
35,33,29,35,41,44,33,37,x
34,34,30,35,41,47,33,36,x
35,37,34,37,44,48,37,37,x
35,38,33,41,44,49,37,36,x
34,37,33,43,49,52,37,32,x
33,39,36,44,48,48,38,37,x
34,41,34,45,54,46,38,39,x
32,42,33,52,71,46,33,38,x
32,40,34,53,73,44,32,37,x
32,44,49,54,70,40,36,36,x
33,42,56,60,68,40,36,33,x
33,43,155,86,65,39,37,30,x